7/7/2023
-2.7737566863024417
-2.1891744260691364
-2.7553244387890907
-2.0943091321249745
-2.1215552869125998
-2.626662143985917
-2.4555315079436126
-2.4892037363541766
-2.5067033861759582
-2.520394521658784
-2.6905178441001723
-3.103196747942752
-3.1318313466841756
-3.1338188140069794
-3.1243131875029557
-3.0368849954134487
-3.2343767079308137
-3.1712909599529935
-3.286716384003239
6/30/2023
-2.3624358261056395
-2.4214357938014675
-2.8780704578409715
-2.874350960529746
-2.5170261962576213
-2.346601763935059
-3.022978254281722
-2.8368776958373605
-2.277340493182674
-1.9547031181360106

7/7/2023
-2.8940443387648016
-2.2862079454453195
-2.8535446247130047
-2.158780744653914
-2.1864745920801316
-2.7508176643854063
-2.5373483962552066
-2.6044358420348575
-2.604867755279675
-2.6209977778871982
-2.7907685149507375
-3.2159532893523974
-3.2488301874048666
-3.2785086535923886
-3.3210181735341946
-3.2169412312168504
-3.4009849799027827
-3.321017488698966
-3.483413541120348
6/30/2023
-2.471704830857989
-2.539192743562492
-2.9825492943730785
-2.986633773095199
-2.619057664144549
-2.426327203161017
-3.2155394861688
-2.9771110741754327
-2.3633069071867387
-2.0206827717280906



